Time_h	G01_YPD1	G01_YPD2	G01_YPD3	G02_YPD1	G02_YPD2	G02_YPD3	G03_YPD1	G03_YPD2	G03_YPD3	G10001_YPD1	G10001_YPD2	G10001_YPD3	G10002_YPD1	G10002_YPD2	G10002_YPD3	G10003_YPD1	G10003_YPD2	G10003_YPD3
0	0.0289	0.0294	0.0239	0.0249	0.0246	0.0216	0.0224	0.022	0.0235	0.0207	0.0242	0.026	0.0223	0.0282	0.0323	0.0224	0.0285	0.027
0.340418333	0.039	0.0375	0.0402	0.0395	0.0384	0.0372	0.039	0.0379	0.0384	0.042	0.0427	0.043	0.046	0.0382	0.0424	0.044	0.0494	0.0443
0.680985	0.0378	0.0375	0.0389	0.0375	0.0376	0.0358	0.0385	0.0376	0.0375	0.0426	0.0427	0.0421	0.0462	0.039	0.0412	0.0425	0.0475	0.0446
1.021477778	0.0384	0.0385	0.0402	0.0392	0.0383	0.0374	0.0393	0.0409	0.0388	0.0445	0.044	0.0449	0.0451	0.0397	0.0428	0.0428	0.0484	0.0483
1.3619025	0.0404	0.0392	0.0418	0.0408	0.0396	0.0386	0.0404	0.0389	0.0398	0.0459	0.047	0.0464	0.0465	0.0412	0.0439	0.0437	0.05	0.0522
1.702455833	0.044	0.0433	0.0466	0.0436	0.0426	0.0409	0.0438	0.0429	0.0425	0.0508	0.0494	0.051	0.0495	0.0431	0.0455	0.0485	0.0555	0.049
2.043013056	0.0486	0.0487	0.0498	0.0494	0.0491	0.0472	0.0489	0.049	0.0488	0.0565	0.0556	0.057	0.056	0.0496	0.0528	0.0543	0.0605	0.0555
2.383430278	0.0506	0.0484	0.0505	0.0527	0.0486	0.0467	0.0494	0.0502	0.0486	0.0582	0.0562	0.0565	0.0593	0.052	0.0531	0.0561	0.064	0.0591
2.72397	0.0646	0.0606	0.0621	0.062	0.0605	0.0577	0.0624	0.0625	0.0609	0.0727	0.0707	0.0709	0.0731	0.0631	0.0672	0.0708	0.0775	0.0748
3.064523056	0.0738	0.0706	0.0729	0.0736	0.0727	0.0689	0.073	0.0703	0.0694	0.0864	0.0839	0.086	0.0861	0.0867	0.0785	0.0836	0.0921	0.0881
3.404941667	0.0857	0.0871	0.0883	0.0861	0.0839	0.0811	0.0856	0.0829	0.0824	0.1019	0.0999	0.0992	0.11	0.0888	0.0926	0.0993	0.1105	0.1003
3.745372222	0.1017	0.0974	0.0988	0.102	0.0987	0.0954	0.0999	0.0985	0.0966	0.1205	0.1175	0.1161	0.1202	0.106	0.1089	0.1184	0.1293	0.1208
4.085928611	0.119	0.1125	0.1278	0.1195	0.1158	0.1101	0.1165	0.1126	0.1107	0.1411	0.1391	0.136	0.1428	0.1231	0.1289	0.1392	0.1535	0.1398
4.426349722	0.1375	0.1317	0.1329	0.1376	0.1328	0.1244	0.1343	0.1364	0.1266	0.164	0.1615	0.1557	0.1638	0.143	0.1468	0.1618	0.1842	0.1634
4.766768333	0.1695	0.1613	0.1652	0.1709	0.165	0.1564	0.1669	0.1595	0.1597	0.2067	0.1993	0.1954	0.205	0.1783	0.1811	0.2028	0.2246	0.2008
5.107324167	0.2	0.1891	0.2	0.2007	0.1946	0.1845	0.1953	0.1884	0.1858	0.24	0.2354	0.2295	0.2449	0.2128	0.2164	0.2435	0.2634	0.2402
5.447748889	0.2407	0.2271	0.2312	0.239	0.23	0.2216	0.2331	0.2219	0.2229	0.2884	0.2811	0.2762	0.2993	0.2531	0.2563	0.2959	0.3176	0.2906
5.788167778	0.2855	0.2698	0.2745	0.2844	0.2743	0.2644	0.2788	0.2642	0.264	0.3425	0.3362	0.3264	0.3432	0.3031	0.3045	0.3519	0.3798	0.3445
6.128721111	0.3344	0.3171	0.3231	0.3344	0.3232	0.3074	0.3243	0.3096	0.3075	0.4019	0.3941	0.3827	0.4043	0.3574	0.358	0.4133	0.4426	0.4133
6.469247778	0.3959	0.3731	0.3816	0.3934	0.381	0.3642	0.3819	0.3636	0.363	0.4719	0.459	0.4486	0.4702	0.423	0.425	0.4833	0.5152	0.4721
6.809666111	0.4538	0.4299	0.4391	0.4533	0.4396	0.4212	0.4388	0.4217	0.4171	0.5336	0.5259	0.5129	0.5342	0.4839	0.4832	0.5528	0.5823	0.5412
7.150209167	0.523	0.5012	0.5087	0.5248	0.5109	0.4876	0.5077	0.4865	0.4837	0.6123	0.6004	0.587	0.6059	0.5547	0.5542	0.6255	0.6503	0.6073
7.490763889	0.5905	0.5648	0.5762	0.5899	0.5736	0.5543	0.5712	0.5501	0.5447	0.6741	0.6614	0.6494	0.667	0.6164	0.6156	0.6847	0.7095	0.6675
7.831183056	0.6714	0.6465	0.6522	0.671	0.656	0.6324	0.6526	0.6276	0.625	0.7441	0.7315	0.7216	0.7313	0.6884	0.6856	0.749	0.7711	0.7363
8.171675	0.7349	0.7122	0.7189	0.7366	0.7202	0.6985	0.7177	0.6947	0.6919	0.7925	0.7808	0.7711	0.7787	0.7386	0.7339	0.7937	0.8158	0.7894
8.512230556	0.8061	0.7835	0.791	0.8076	0.7933	0.7743	0.7906	0.7703	0.7655	0.8436	0.8363	0.8274	0.8246	0.7888	0.7877	0.8412	0.8528	0.843
8.852654722	0.8631	0.8434	0.8511	0.8663	0.8529	0.8392	0.8524	0.8321	0.8281	0.8849	0.8758	0.8655	0.8662	0.829	0.8347	0.8741	0.8874	0.8736
9.193071389	0.9092	0.8925	0.9004	0.9133	0.9007	0.8859	0.901	0.8842	0.8808	0.9156	0.9033	0.8955	0.8877	0.8586	0.8523	0.9041	0.9058	0.9008
9.533623611	0.952	0.9414	0.9491	0.9594	0.948	0.9382	0.9498	0.9338	0.9348	0.9438	0.9346	0.9297	0.9128	0.8842	0.8832	0.9342	0.9357	0.9416
9.874041389	0.9897	0.9815	0.9908	0.9966	0.9871	0.9786	0.9904	0.9751	0.976	0.9683	0.9635	0.9562	0.937	0.9078	0.907	0.9556	0.9572	0.972
10.21446306	1.0189	1.0127	1.0202	1.0255	1.0188	1.0097	1.0223	1.0082	1.0113	0.992	0.9824	0.9761	0.9557	0.9257	0.9251	0.9773	0.9742	0.9801
10.55501667	1.0444	1.0413	1.0448	1.0528	1.0472	1.0375	1.0495	1.0352	1.0384	1.007	1.0004	0.9936	0.9729	0.9422	0.94	0.9923	0.9933	0.9853
10.89551944	1.0589	1.0597	1.06	1.0682	1.0641	1.0539	1.0663	1.0543	1.0587	1.0175	1.01	1.0041	0.9809	0.9509	0.9464	1.0023	1.0017	0.9978
11.23593556	1.0834	1.0833	1.0863	1.0924	1.0879	1.0781	1.0929	1.0802	1.0841	1.0359	1.0294	1.0245	0.9962	0.9711	0.964	1.0232	1.0235	1.0236
11.57648028	1.1007	1.1009	1.1054	1.1114	1.1066	1.0965	1.1136	1.0997	1.1038	1.0504	1.0445	1.0363	1.0086	0.9841	0.9784	1.0365	1.0368	1.0313
11.91703361	1.1156	1.1164	1.1194	1.1259	1.123	1.1124	1.1274	1.1167	1.1173	1.0629	1.0566	1.0481	1.0194	0.9935	0.9894	1.0494	1.0527	1.0317
12.25745528	1.1283	1.1293	1.1328	1.1386	1.1338	1.1269	1.1404	1.1296	1.1316	1.0714	1.0666	1.0594	1.0289	1.0009	0.9935	1.0554	1.0564	1.0466
12.59789444	1.1443	1.1451	1.1498	1.1552	1.1513	1.1422	1.1565	1.1475	1.1465	1.0857	1.0795	1.0725	1.0411	1.013	1.0093	1.0693	1.0692	1.0644
12.93844694	1.1558	1.1575	1.1632	1.1669	1.1627	1.1558	1.1686	1.1597	1.1621	1.0976	1.0887	1.0794	1.049	1.0217	1.0158	1.078	1.0772	1.0608
13.27886694	1.1636	1.1652	1.171	1.1736	1.1716	1.164	1.1795	1.1692	1.1704	1.1015	1.0947	1.0868	1.0542	1.0256	1.0208	1.0845	1.0839	1.0851
13.61928611	1.1733	1.1767	1.1815	1.1852	1.185	1.1766	1.1897	1.1792	1.1813	1.109	1.1036	1.0958	1.0613	1.0345	1.0279	1.0909	1.0902	1.0982
13.95984056	1.1801	1.1854	1.1903	1.1913	1.1911	1.1855	1.1947	1.1891	1.1907	1.1123	1.1085	1.1002	1.0655	1.0415	1.0366	1.0949	1.092	1.097
14.30026194	1.1696	1.1726	1.1775	1.1797	1.1794	1.174	1.1846	1.18	1.1802	1.1002	1.0932	1.0885	1.0557	1.0269	1.0255	1.0808	1.0792	1.0794
14.64068083	1.1866	1.1928	1.1963	1.197	1.1993	1.1938	1.2007	1.1987	1.1992	1.12	1.1125	1.107	1.0732	1.0469	1.0438	1.0937	1.0932	1.0853
14.98123528	1.189	1.1947	1.1964	1.1971	1.1988	1.1947	1.2031	1.2	1.2012	1.1201	1.1121	1.1067	1.0758	1.0444	1.043	1.094	1.0937	1.0888
15.32178806	1.1926	1.1988	1.2018	1.2024	1.205	1.1987	1.2073	1.2052	1.207	1.1514	1.1177	1.111	1.0981	1.0507	1.0442	1.0991	1.1	1.0924
15.66220694	1.1947	1.2015	1.2031	1.2067	1.2087	1.1997	1.2106	1.208	1.2082	1.1593	1.1197	1.1123	1.1141	1.0515	1.0478	1.0965	1.1007	1.0967
16.00274806	1.2009	1.2063	1.2086	1.2117	1.2121	1.2045	1.2154	1.213	1.213	1.1603	1.1239	1.1159	1.1304	1.0564	1.047	1.1003	1.1057	1.0993
16.34330333	1.2057	1.2103	1.2108	1.2147	1.2155	1.2089	1.2188	1.2157	1.2177	1.1776	1.1267	1.1192	1.1578	1.0746	1.0518	1.1066	1.1082	1.1126
16.68371694	1.207	1.2113	1.2151	1.2179	1.2197	1.2124	1.2213	1.2202	1.2203	1.1917	1.1302	1.1218	1.2007	1.0956	1.0552	1.1092	1.1119	1.1134
17.02413222	1.2103	1.216	1.217	1.2209	1.2214	1.215	1.2256	1.2235	1.2226	1.1948	1.1317	1.1242	1.217	1.1071	1.0557	1.1131	1.1131	1.1035
17.36468611	1.2143	1.2189	1.2202	1.2243	1.2246	1.2188	1.2274	1.2246	1.2262	1.2331	1.1374	1.1291	1.2219	1.1219	1.059	1.1172	1.1172	1.1132
17.70510556	1.2126	1.2176	1.2184	1.2218	1.2229	1.2166	1.2274	1.2243	1.2253	1.22	1.1356	1.1282	1.2137	1.1227	1.0563	1.1158	1.1169	1.1179
18.04552389	1.2179	1.2216	1.2234	1.2281	1.2293	1.2205	1.2316	1.2283	1.2288	1.2159	1.1429	1.1313	1.2125	1.1547	1.0627	1.1232	1.1214	1.1283
18.38608278	1.2212	1.2228	1.2254	1.2264	1.2304	1.2231	1.2325	1.2312	1.2309	1.2497	1.1417	1.1356	1.2198	1.1763	1.0624	1.1225	1.1256	1.1165
18.72657194	1.2222	1.2249	1.2253	1.2299	1.2305	1.2229	1.2338	1.2293	1.2303	1.2391	1.1427	1.1354	1.2187	1.168	1.0643	1.1256	1.126	1.1228
19.06699	1.2263	1.2321	1.2302	1.2349	1.2356	1.2284	1.2411	1.2373	1.2374	1.2599	1.1509	1.1447	1.2135	1.1804	1.0709	1.1314	1.1325	1.1355
19.407535	1.2279	1.232	1.2326	1.2369	1.2379	1.23	1.2409	1.2399	1.2398	1.261	1.1541	1.1436	1.2185	1.196	1.0704	1.1339	1.1356	1.1289
19.74809361	1.2285	1.2328	1.235	1.2374	1.2389	1.2304	1.2422	1.2382	1.2399	1.2468	1.1526	1.1425	1.2239	1.202	1.0713	1.1346	1.1373	1.1233
20.08851417	1.2343	1.2378	1.2375	1.2426	1.2427	1.2349	1.2464	1.2438	1.243	1.2573	1.1582	1.149	1.2185	1.204	1.074	1.1397	1.1426	1.1353
20.42898417	1.236	1.2418	1.2394	1.2437	1.2456	1.2371	1.2498	1.2454	1.2474	1.2436	1.1604	1.1508	1.2272	1.1974	1.0775	1.1438	1.1482	1.1401
20.76953944	1.2355	1.2394	1.2375	1.2433	1.2457	1.2355	1.247	1.2449	1.2453	1.2611	1.1575	1.1468	1.2219	1.1949	1.0748	1.1418	1.1442	1.1417
21.10996639	1.2428	1.2462	1.2459	1.2492	1.2528	1.2438	1.2558	1.254	1.2512	1.277	1.1668	1.1583	1.2338	1.2055	1.0818	1.15	1.1518	1.1528
21.45038278	1.2438	1.2476	1.245	1.2502	1.2525	1.2427	1.2545	1.256	1.2516	1.2617	1.1669	1.1577	1.2347	1.2007	1.0823	1.1516	1.1541	1.1444
21.79094833	1.2238	1.2273	1.2249	1.2301	1.2331	1.2235	1.2353	1.2313	1.2325	1.2435	1.1493	1.1389	1.2091	1.1763	1.0615	1.1325	1.134	1.1324
22.13137306	1.2556	1.2586	1.2542	1.26	1.2621	1.2522	1.2639	1.2619	1.2624	1.2726	1.1784	1.1729	1.2375	1.2097	1.0912	1.1647	1.1673	1.1634
22.47180444	1.256	1.2609	1.2584	1.2634	1.2664	1.2569	1.268	1.266	1.2653	1.2714	1.1811	1.1744	1.2383	1.2078	1.0942	1.1657	1.1673	1.17
22.81236333	1.2628	1.2651	1.2625	1.268	1.2695	1.261	1.273	1.269	1.2711	1.2545	1.1859	1.1793	1.2411	1.2163	1.0975	1.1719	1.1731	1.1793
23.15292194	1.2647	1.2692	1.2655	1.2712	1.2743	1.2635	1.2755	1.2731	1.2734	1.2306	1.1897	1.1826	1.2405	1.2123	1.0994	1.1775	1.1791	1.1793
23.49334222	1.2656	1.2683	1.2652	1.2712	1.273	1.2653	1.2752	1.2721	1.2734	1.1974	1.1879	1.1844	1.238	1.2197	1.0984	1.1778	1.1787	1.1842
23.83388667	1.2604	1.2621	1.2607	1.266	1.2659	1.2591	1.2691	1.2673	1.2664	1.1921	1.1835	1.1774	1.226	1.2114	1.0924	1.1738	1.1768	1.1715
24.17443556	1.2716	1.2755	1.2704	1.2767	1.2775	1.2704	1.282	1.2789	1.2769	1.2029	1.1952	1.1914	1.2478	1.2282	1.1046	1.1868	1.1898	1.1883
24.514855	1.2805	1.2816	1.2776	1.2855	1.285	1.2763	1.2894	1.2846	1.2854	1.2093	1.2036	1.1982	1.2495	1.2286	1.1115	1.1971	1.2004	1.1931
24.85527694	1.2342	1.2368	1.2318	1.2384	1.2387	1.2321	1.2432	1.2387	1.2378	1.1645	1.157	1.1531	1.2031	1.1303	1.0648	1.1519	1.1563	1.1634
25.19583083	1.2879	1.2891	1.2847	1.2912	1.2917	1.2853	1.2941	1.2915	1.2909	1.2175	1.2111	1.2088	1.2286	1.1192	1.118	1.2082	1.2117	1.2127
25.53625056	1.2871	1.2891	1.2837	1.2896	1.2924	1.2824	1.2928	1.2891	1.2896	1.2168	1.2089	1.2068	1.2323	1.1174	1.1161	1.2073	1.2106	1.2085
25.87666667	1.3019	1.3041	1.2965	1.3053	1.3051	1.2961	1.3059	1.3044	1.305	1.232	1.2259	1.221	1.1532	1.1285	1.1261	1.2238	1.2257	1.2275
26.21722444	1.2912	1.2923	1.285	1.2917	1.2928	1.2848	1.2932	1.2929	1.2896	1.2176	1.2116	1.2087	1.1425	1.1157	1.1131	1.2137	1.2159	1.2181
26.55770889	1.3037	1.3036	1.2963	1.3045	1.3062	1.2964	1.3048	1.3041	1.3027	1.2336	1.2249	1.2222	1.1512	1.1259	1.1245	1.2242	1.2286	1.2238
26.89812778	1.3204	1.3198	1.3125	1.3208	1.3204	1.3123	1.3211	1.3202	1.3179	1.2478	1.2401	1.2393	1.1659	1.1418	1.1394	1.241	1.245	1.2361
27.23868194	1.3258	1.3258	1.3186	1.3272	1.3273	1.3188	1.3261	1.3258	1.3232	1.2542	1.2474	1.2431	1.1751	1.1439	1.1439	1.2472	1.2499	1.2468
27.57923778	1.3196	1.3191	1.3132	1.3196	1.3203	1.3125	1.3197	1.3175	1.3177	1.2487	1.2393	1.2364	1.1632	1.1365	1.1387	1.2408	1.2442	1.2382
27.9196575	1.336	1.3362	1.3278	1.3354	1.3368	1.3276	1.3352	1.3338	1.3324	1.2648	1.2558	1.2502	1.2652	1.1515	1.153	1.2587	1.2618	1.2653
28.26019722	1.3411	1.3405	1.3315	1.338	1.3394	1.3309	1.3388	1.338	1.3365	1.2667	1.2578	1.2555	1.2529	1.1516	1.154	1.2638	1.2648	1.2592
28.60075139	1.3316	1.3283	1.3202	1.3285	1.3279	1.321	1.327	1.327	1.3256	1.2545	1.2463	1.2413	1.2479	1.1416	1.1429	1.2513	1.2536	1.2547
28.94117	1.3505	1.3483	1.3402	1.3465	1.347	1.3404	1.3457	1.3451	1.3448	1.2754	1.2668	1.2616	1.255	1.1586	1.1629	1.2695	1.2736	1.2696
29.28159167	1.3625	1.3614	1.3529	1.3598	1.3588	1.3536	1.3587	1.3564	1.3574	1.2862	1.278	1.273	1.2734	1.1719	1.1692	1.2819	1.2859	1.285
29.62214833	1.3697	1.3675	1.3586	1.3652	1.3645	1.3587	1.3652	1.363	1.3638	1.2922	1.2836	1.2789	1.2318	1.1738	1.1777	1.2896	1.2907	1.2922
29.96257111	1.3591	1.3566	1.3477	1.3552	1.3541	1.3486	1.3547	1.3542	1.3522	1.2816	1.2732	1.2665	1.2487	1.1622	1.162	1.2766	1.2812	1.2726
30.30299028	1.3818	1.3806	1.3712	1.3784	1.3775	1.3717	1.3776	1.3775	1.3748	1.3053	1.2954	1.2885	1.3003	1.1839	1.1853	1.2996	1.3024	1.2956
30.64354694	1.3869	1.3859	1.3755	1.3832	1.3847	1.3774	1.3825	1.3815	1.3821	1.3058	1.2985	1.2951	1.2903	1.1978	1.1874	1.3048	1.3056	1.2989
30.98396889	1.3807	1.3798	1.3701	1.3782	1.3781	1.3703	1.3771	1.3749	1.3752	1.3004	1.2916	1.2872	1.28	1.187	1.1802	1.296	1.2986	1.2948
31.32439472	1.398	1.398	1.3898	1.3961	1.3945	1.39	1.3938	1.3945	1.3927	1.3172	1.3088	1.3047	1.3119	1.2022	1.1988	1.3136	1.3161	1.3134
31.66495167	1.3966	1.3968	1.3882	1.3952	1.397	1.39	1.394	1.3933	1.3934	1.3148	1.3056	1.3031	1.3018	1.203	1.2003	1.3119	1.3143	1.3101
32.00549472	1.405	1.4066	1.3963	1.4017	1.4031	1.3978	1.4024	1.402	1.4003	1.3227	1.3148	1.3114	1.3078	1.2104	1.2032	1.3198	1.3223	1.3145
32.34591306	1.4136	1.4136	1.406	1.4139	1.4109	1.4054	1.4108	1.411	1.411	1.3307	1.3216	1.317	1.3169	1.218	1.2126	1.3272	1.331	1.3259
32.68645278	1.4142	1.4161	1.408	1.4148	1.4125	1.4074	1.4118	1.4132	1.4115	1.3308	1.3227	1.3188	1.3186	1.2166	1.214	1.3281	1.3305	1.3217
33.02700861	1.4251	1.4251	1.4172	1.424	1.4209	1.4166	1.4192	1.4218	1.4205	1.3386	1.3332	1.328	1.33	1.2253	1.2222	1.3386	1.3404	1.3374
33.36742667	1.4202	1.4216	1.4153	1.4208	1.4176	1.4145	1.416	1.4172	1.4169	1.3351	1.3263	1.3216	1.3126	1.2194	1.218	1.3327	1.3326	1.3246
33.70785278	1.4328	1.4342	1.4274	1.4336	1.4299	1.4279	1.4309	1.4309	1.4291	1.3485	1.34	1.3356	1.3262	1.2293	1.2286	1.3457	1.347	1.3481
34.04840833	1.4323	1.4335	1.4263	1.4348	1.4291	1.4266	1.4278	1.4286	1.4277	1.3464	1.339	1.3344	1.3298	1.232	1.2286	1.3443	1.346	1.3473
34.38882694	1.4371	1.4388	1.4325	1.4362	1.4351	1.433	1.4334	1.4325	1.4344	1.3519	1.3414	1.3385	1.3363	1.2346	1.2302	1.3487	1.3507	1.351
34.72924833	1.4476	1.4492	1.4427	1.4479	1.4452	1.4425	1.444	1.4459	1.4439	1.3619	1.3526	1.3492	1.3438	1.2459	1.2421	1.3571	1.3596	1.3588
35.06980611	1.4463	1.448	1.4422	1.4468	1.4438	1.4426	1.4418	1.4426	1.4433	1.3592	1.353	1.3484	1.3432	1.2449	1.2402	1.3579	1.3625	1.3597
35.41022361	1.4459	1.4474	1.44	1.4458	1.4433	1.4411	1.441	1.4427	1.4425	1.3599	1.3507	1.3465	1.342	1.244	1.2404	1.3552	1.3588	1.3522
35.75064472	1.4586	1.4614	1.4537	1.4596	1.457	1.4563	1.4551	1.4552	1.4557	1.3715	1.3622	1.3588	1.3506	1.2607	1.2489	1.3697	1.3717	1.3572
36.09120056	1.4626	1.4651	1.4588	1.464	1.4622	1.4615	1.4587	1.4589	1.4603	1.3756	1.3672	1.3627	1.3513	1.2682	1.2543	1.3749	1.3766	1.3778
36.43174944	1.4525	1.4555	1.4523	1.4566	1.4514	1.45	1.4492	1.4517	1.4525	1.3662	1.358	1.3529	1.3408	1.2616	1.2451	1.3649	1.3665	1.354
36.77217056	1.4525	1.4561	1.4496	1.454	1.4518	1.45	1.4497	1.4504	1.4522	1.3652	1.358	1.3541	1.3425	1.2638	1.2444	1.3622	1.3669	1.3648
37.11271778	1.4763	1.4782	1.4726	1.4764	1.474	1.4743	1.4709	1.4722	1.4731	1.3861	1.3785	1.3757	1.3517	1.2766	1.2635	1.3836	1.3858	1.3741
37.45327111	1.4729	1.4776	1.4715	1.4742	1.4747	1.4712	1.4676	1.4704	1.4719	1.384	1.3755	1.3732	1.3567	1.275	1.2636	1.3815	1.3865	1.3867
37.79369028	1.483	1.4854	1.4806	1.4825	1.4809	1.4822	1.4777	1.4786	1.4793	1.3923	1.3838	1.383	1.3643	1.2881	1.2707	1.3914	1.394	1.4018
38.13410694	1.4841	1.4873	1.483	1.4864	1.4841	1.4858	1.4804	1.4833	1.4829	1.3944	1.3875	1.3867	1.3594	1.2893	1.2746	1.3946	1.3965	1.3981
38.47466111	1.4891	1.4919	1.4884	1.4929	1.4888	1.4904	1.4862	1.4882	1.4898	1.3985	1.3936	1.3905	1.3638	1.2976	1.2774	1.3994	1.4027	1.3948
38.81508111	1.491	1.4929	1.4882	1.491	1.4903	1.4894	1.485	1.4884	1.4878	1.4006	1.3942	1.3916	1.355	1.2928	1.2804	1.3982	1.4038	1.396
39.15550056	1.4962	1.4995	1.4952	1.5004	1.4959	1.496	1.4915	1.4939	1.4952	1.407	1.3996	1.3977	1.3666	1.3039	1.285	1.4064	1.4078	1.3973
39.49605278	1.4992	1.5016	1.4977	1.5003	1.4993	1.4968	1.4949	1.4957	1.4977	1.4062	1.4016	1.3992	1.3676	1.3025	1.2874	1.4085	1.4097	1.4127
39.83657222	1.5024	1.5037	1.5014	1.5042	1.4999	1.5012	1.497	1.4984	1.5013	1.4103	1.4044	1.4027	1.3661	1.3092	1.2904	1.4108	1.4134	1.4041
40.17699222	1.5052	1.508	1.5048	1.5072	1.5053	1.5044	1.5003	1.5034	1.5045	1.4143	1.4086	1.4065	1.3695	1.3081	1.2937	1.4133	1.4167	1.4229
40.51753667	1.51	1.513	1.5081	1.5101	1.5088	1.5091	1.5047	1.5067	1.507	1.4178	1.4116	1.4084	1.3753	1.3146	1.2975	1.4174	1.418	1.4268
40.85809417	1.5107	1.5167	1.5103	1.5143	1.5134	1.5105	1.5075	1.5092	1.5093	1.4187	1.4123	1.4116	1.3818	1.3197	1.2987	1.4187	1.4217	1.4096
41.1985125	1.5122	1.5168	1.512	1.5149	1.5116	1.5126	1.5093	1.5111	1.5104	1.4194	1.4126	1.4126	1.3783	1.3205	1.2995	1.4199	1.421	1.4205
41.53893417	1.5109	1.516	1.512	1.5126	1.5136	1.514	1.5069	1.5106	1.5099	1.4193	1.414	1.4119	1.3707	1.3148	1.2988	1.4167	1.4244	1.4298
41.8794925	1.519	1.5244	1.5202	1.5218	1.5192	1.5208	1.5166	1.518	1.5188	1.4293	1.4197	1.4189	1.381	1.3287	1.3076	1.4258	1.4284	1.424
42.21991028	1.5168	1.5213	1.5173	1.5192	1.5168	1.5183	1.5131	1.5151	1.5163	1.4237	1.4186	1.416	1.38	1.3266	1.3045	1.4219	1.4261	1.4241
42.5603275	1.5158	1.5205	1.5158	1.518	1.5161	1.5181	1.5113	1.5136	1.5149	1.4217	1.4163	1.4164	1.3709	1.3212	1.3027	1.4219	1.4245	1.4226
42.90087917	1.5262	1.5323	1.5268	1.5283	1.5271	1.5267	1.5213	1.5239	1.524	1.4319	1.4282	1.4278	1.3879	1.3364	1.3109	1.4306	1.4344	1.4342
43.24131	1.485	1.4908	1.4874	1.487	1.4868	1.4895	1.4818	1.4844	1.4866	1.3917	1.3881	1.3872	1.3474	1.2933	1.2732	1.3905	1.3949	1.3929
43.581725	1.5144	1.5176	1.5156	1.5153	1.5133	1.5154	1.5109	1.5123	1.5119	1.4189	1.4148	1.4147	1.3747	1.3307	1.3007	1.4171	1.4228	1.419
43.922275	1.5074	1.5139	1.5088	1.5092	1.5097	1.5126	1.5031	1.5072	1.5086	1.4132	1.4082	1.4078	1.372	1.3137	1.2945	1.4126	1.417	1.4098
44.26282778	1.538	1.5439	1.5397	1.54	1.5376	1.5394	1.5329	1.5352	1.5351	1.444	1.4378	1.4389	1.4024	1.3447	1.3258	1.4429	1.4448	1.4454
44.60325389	1.5231	1.5281	1.5243	1.5252	1.5217	1.5232	1.5179	1.5207	1.521	1.4277	1.423	1.4222	1.3878	1.3242	1.3092	1.4272	1.4304	1.4265
44.94378111	1.5419	1.5474	1.544	1.5445	1.5423	1.5458	1.5381	1.5419	1.5416	1.4483	1.4436	1.4441	1.4066	1.3491	1.3277	1.4519	1.4514	1.4501
45.28433528	1.5306	1.5352	1.5317	1.5329	1.5294	1.5341	1.5245	1.5286	1.5305	1.4344	1.4301	1.431	1.3897	1.3485	1.3156	1.4341	1.4378	1.4346
45.62475611	1.5433	1.5505	1.5466	1.5505	1.545	1.5473	1.5397	1.5431	1.5418	1.4491	1.4447	1.4458	1.4019	1.3607	1.332	1.4504	1.4528	1.4525
45.96517556	1.5475	1.5538	1.5502	1.5514	1.5494	1.5509	1.5443	1.5463	1.5476	1.4545	1.4501	1.4492	1.4029	1.3531	1.3358	1.4547	1.4572	1.4519
46.30572861	1.5504	1.5559	1.552	1.5537	1.5482	1.5531	1.5455	1.5488	1.547	1.4555	1.4517	1.4537	1.4104	1.3588	1.3366	1.4558	1.4574	1.4571
46.64614667	1.484	1.4887	1.4852	1.4883	1.4825	1.487	1.478	1.4835	1.4825	1.41	1.3866	1.3854	1.3398	1.2947	1.2701	1.3874	1.3929	1.3871
46.98656444	1.5522	1.5605	1.556	1.5558	1.555	1.5568	1.5492	1.5524	1.5541	1.5765	1.4555	1.4563	1.4115	1.3674	1.3391	1.4576	1.4597	1.4555
47.32712056	1.5544	1.5621	1.5574	1.5572	1.5569	1.56	1.5509	1.5557	1.5564	1.573	1.4572	1.4576	1.4187	1.3721	1.341	1.465	1.4629	1.4591
47.66766917	1.5569	1.5648	1.5608	1.5584	1.5599	1.564	1.5522	1.5572	1.5593	1.5682	1.4602	1.461	1.4136	1.3624	1.3448	1.538	1.4674	1.4689
